537
360
665
188
516
259
631
533
591
507
402
590
655
265
324
156
330
260
442
408
317
347
440
410
261
385
535
231
574
220
445
408
150
694
302
448
462
364
519
433
456
767
197
418
188
587
362
690
115
300
367
134
201
225
232
122
369
686
607
395
599
569
444
501
255
313
657
171
525
286
121
185
649
347
590
500
655
433
667
621
652
465
597
257
292
690
280
514
673
250
281
346
468
515
345
273
661
153
459
540
200
408
631
475
775
465
560
759
483
383
117
728
342
361
259
724
363
608
525
491
372
521
276
454
296
300
151
378
355
388
395
686
192
317
325
136
414
414
111
410
336
457
504
766
214
113
580
249
642
495
528
709
753
500
216
303
380
750
603
753
693
465
379
752
544
578
205
147
644
699
491
635
584
730
743
152
688
705
539
383
118
363
116
774
696
259
200
244
196
162
509
430
353
520
329
193
717
338
452
332
268
728
382
165
571
393
306
400
329
117
495
506
256
664
571
151
686
272
757
682
276
448
493
502
708
418
474
686
232
752
583
480
474
352
301
613
523
567
669
759
655
376
623
287
412
173
457
521
323
172
526
529
347
469
730
710
762
272
333
252
754
580
730
736
371
409
741
146
431
492
181
400
321
443
339
119
646
137
408
133
577
597
634
654
396
143
679
124
691
548
637
422
212
516
488
764
447
161
396
227
212
282
650
584
677
523
252
406
133
341
758
651
182
426
214
204
752
756
346
554
555
406
451
114
454
196
258
211
209
196
723
600
754
178
454
131
740
278
767
740
522
195
168
242
129
440
488
207
411
774
327
325
573
587
708
555
616
618
303
139
656
370
498
394
166
366
407
459
662
146
307
350
266
253
199
217
397
489
405
630
323
317
363
372
770
694
728
348
342
248
632
598
273
396
572
358
766
668
216
272
294
394
424
723
278
486
122
272
395
499
680
369
467
637
662
225
288
599
472
229
487
140
328
157
440
746
546
601
394
257
302
311
638
529
683
256
227
192
678
572
717
391
362
550
201
332
523
510
645
718
271
295
685
378
311
215
302
347
615
773
536
493
652
761
184
387
450
758
422
127
221
457
650
113
360
290
587
647
238
233
605
274
393
372
309
572
145
614
500
390
183
450
176
658
663
285
582
487
114
552
524
319
403
170
112
321
164
111
506
587
688
706
293
411
371
461
381
493
115
772
672
696
391
405
498
686
599
346
710
456
373
298
149
588
567
116
351
692
235
608
528
174
423
144
580
254
540
346
508
231
599
141
425
695
715
286
387
194
498
116
504
321
302
281
483
213
303
210
729
461
612
757
683
467
369
624
277
450
183
688
709
483
761
640
294
576
713
678
700
369
662
722
604
352
226
390
363
300
522
756
706
473
759
531
561
435
463
581
321
756
458
580
119
302
571
247
573
405
536
516
765
500
708
350
343
656
274
404
453
754
537
684
747
513
768
378
624
406
314
228
133
581
456
582
428
284
575
690
640
617
319
603
674
375
503
665
395
112
723
736
120
654
239
374
288
575
551
398
166
292
131
690
746
399
514
359
133
291
736
340
467
722
690
327
265
254
369
568
454
185
282
747
745
609
216
427
317
648
765
183
596
375
700
699
394
604
212
281
232
368
116
139
532
268
284
134
414
341
410
362
490
271
628
723
250
690
385
198
403
454
288
114
302
334
178
208
774
182
656
549
132
366
378
567
204
397
296
650
452
417
449
142
460
414
165
373
124
645
495
389
415
496
766
655
618
694
740
530
525
125
634
322
450
214
665
705
706
431
729
337
409
715
226
421
513
290
435
504
306
575
460
439
279
144
368
714
136
317
608
475
197
693
335
638
202
496
375
743
479
760
642
751
334
405
313
409
491
759
188
358
204
194
381
282
448
565
326
467
429
422
768
579
517
726
458
681
402
432
489
507
341
126
603
334
557
253
581
628
627
408
593
367
580
241
316
734
704
391
703
711
424
709
137
326
524
147
630
523
255
579
287
598
113
252
376
533
686
506
324
559
515
674
141
131
444
745
319
381
306
692
750
566
148
745
606
590
314
327
234
765
617
429
744
470
742
148
511
592
373
255
121
125
572
414
274
121
396
231
634
387
224
521
718
157
170
668
214
425
621
693
232
148
442
584
120
430
674
601
414
493
541
519
187
574
709
189
455
427
147
276
742
134
746
331
424
480
505
130
635
167
729
456
268
571
524
227
644
333
194
464
126
257
337
365
286
694
338
227
174
225
486
397
634
569
368
442
576
698
205
701
474
526
721
617
194
131
767
203
255
644
634
461
727
774
164
504
134
730
174
663
233
253
406
458
551
322
426
492
724
519
382
533
495
488
171
549
624
414
624
439
372
461
469
537
523
189
673
549
649
673
604
161
430
573
737
297
568
559
655
547
217
715
204
380
767
577
630
614
334
264
148
249
543
337
605
661
485
677
217
422
578
260
622
414
543
566
595
127
613
413
649
670
743
581
408
398
170
316
463
192
301
579
358
545
496
124
705
633
432
526
297
127
694
158
344
293
255
114
365
224
316
151
653
286
150
303
605
588
372
369
571
742
493
256
488
575
615
722
636
500
665
639
204
629
344
719
211
302
740
652
592
195
143
293
591
456
253
146
266
445
212
132
507
633
553
539
573
399
537
349
279
307
380
445
718
705
650
678
506
261
189
208
168
630
111
767
258
768
658
377
120
479
155
447
443
193
342
571
768
349
244
165
273
313
552
765
170
405
654
663
612
539
413
112
583
455
222
277
147
657
575
513
151
410
216
355
191
560
344
258
213
435
128
675
571
309
343
769
435
515
362
473
479
176
462
495
235
184
773
647
595
191
735
505
561
516
471
394
719
539
663
271
301
402
378
351
510
490
341
494
415
757
300
274
672
777
772
423
134
177
648
134
508
348
309
289
477
609
263
610
302
709
407
123
343
257
696
168
412
581
327
273
629
452
318
140
625
357
408
114
140
302
184
230
634
703
252
763
508
146
406
601
564
219
246
182
605
308
244
123
597
581
552
270
158
204
572
567
689
123
436
439
180
753
416
627
249
636
661
762
724
347
117
744
717
759
636
548
721
120
510
485
147
591
765
506
231
264
487
421
548
726
222
630
666
253
594
387
589
277
285
279
420
668
116
706
382
597
651
267
541
133
732
120
402
499
635
310
469
662
676
653
210
324
435
419
221
580
495
503
117
409
213
755
347
275
282
174
116
435
445
776
335
117
378
228
211
346
423
434
167
183
644
167
440
701
722
453
364
131
483
760
430
348
531
629
334
217
516
444
286
425
428
740
581
649
141
750
280
305
376
307
314
647
481
333
325
356
349
344
344
432
612
670
630
130
695
597
749
363
519
329
572
144
445
774
649
539
458
761
754
256
488
495
146
476
330
395
712
742
585
276
319
743
594
679
651
223
303
549
482
574
770
481
449
463
531
643
113
450
484
226
152
277
477
452
573
183
495
499
657
245
560
282
418
388
735
583
384
475
301
208
305
161
267
224
241
340
423
563
472
549
368
734
767
406
507
484
449
721
304
118
274
426
150
667
526
402
371
145
439
463
192
437
670
465
772
759
357
753
362
725
397
216
243
599
194
197
242
287
597
269
649
591
326
276
219
486
504
414
262
550
496
654
122
242
254
673
367
424
679
534
590
752
589
719
178
299
715
407
640
386
363
637
422
187
119
412
564
747
184
680
612
291
572
117
634
557
608
429
191
696
689
338
452
630
463
362
752
299
424
767
524
663
136
121
681
160
351
656
451
217
168
548
732
443
359
506
694
702
246
744
258
164
581
384
596
585
559
560
555
155
173
456
382
256
138
121
415
431
173
411
375
412
624
207
270
626
210
428
397
153
705
639
677
272
159
751
769
451
237
458
600
711
157
576
714
258
555
661
468
193
152
251
541
424
165
506
386
231
429
730
514
368
272
231
559
735
262
538
732
765
738
585
627
208
770
510
468
326
275
769
422
567
497
625
131
490
621
557
530
592
129
369
570
594
657
605
140
761
446
460
560
124
250
360
425
404
118
329
455
205
361
211
584
164
244
553
475
735
170
580
415
487
265
284
258
704
274
385
314
141
759
696
149
487
720
467
159
257
569
336
640
209
119
425
463
671
435
235
284
248
660
150
246
411
250
762
257
132
259
438
433
178
222
578
151
581
698
757
544
401
696
726
644
156
637
365
319
215
226
489
114
661
628
411
702
248
701
416
141
245
272
470
116
422
668
770
506
589
112
719
659
491
352
320
176
257
367
690
675
393
696
326
428
300
486
647
219
466
551
343
438
467
381
607
651
770
606
514
328
298
596
687
111
293
481
771
516
712
498
163
767
438
635
183
660
565
287
212
148
606
174
646
716
275
420
431
445
605
426
127
519
344
226
462
519
671
748
463
588
468
631
735
645
480
667
645
646
249
623
673
130
295
774
365
508
697
494
155
295
227
204
381
421
670
464
201
755
127
509
602
713
561
470
292
442
625
762
329
712
589
207
569
179
621
171
591
168
712
596
395
348
532
263
732
336
135
571
330
718
575
312
259
242
542
717
458
765
533
331
548
582
353
706
727
328
763
333
640
666
155
343
510
647
693
261
273
163
585
481
524
321
369
418
283
164
419
586
359
485
581
139
580
516
440
311
432
733
340
622
430
546
252
657
643
535
637
426
617
641
610
111
456
326
665
747
408
289
649
533
542
404
428
322
728
565
368
667
411
329
119
401
180
375
707
140
547
626
347
575
762
594
616
504
153
620
290
209
316
437
738
771
185
335
437
159
723
736
307
707
440
252
356
130
499
291
535
582
488
507
466
662
644
594
265
153
270
242
264
694
492
391
437
269
578
579
175
634
727
132
669
378
385
292
477
592
519
447
379
193
368
252
621
200
651
545
506
386
498
478
369
308
584
419
772
587
598
412
626
689
185
700
248
641
344
581
711
228
120
361
639
711
470
303
365
492
145
504
667
508
521
180
517
213
634
469
297
129
506
199
691
512
631
551
756
654
355
630
593
146
138
387
760
282
357
631
732
615
168
264
522
651
711
429
170
300
751
286
685
658
245
631
185
759
282
439
127
573
216
340
394
172
430
483
725
536
431
723
591
541
127
120
717
560
390
773
714
279
527
262
490
625
547
314
365
273
680
354
707
764
119
518
386
306
402
350
188
145
419
516
113
662
599
349
397
412
127
220
334
192
589
697
338
373
326
278
536
312
139
770
197
475
147
175
208
474
542
415
358
381
499
190
375
731
548
327
645
246
719
411
341
456
776
202
548
669
496
270
281
466
161
476
409
161
614
651
394
464
682
619
732
478
327
346
168
693
573
305
272
718
373
538
534
748
124
535
628
390
157
284
254
446
424
507
735
390
177
136
191
618
551
751
344
733
263
182
620
464
502
552
178
268
571
273
246
511
173
558
245
248
214
114
559
618
568
486
144
323
222
552
150
466
463
122
182
343
449
402
477
244
160
411
312
520
675
312
409
217
342
269
614
276
304
595
236
594
534
150
598
315
467
233
514
544
202
717
684
262
356
578
280
645
530
496
437
321
747
615
774
310
601
648
461
415
605
373
210
284
588
345
269
700
219
190
266
631
587
141
479
711
668
527
141
523
602
160
249
360
498
351
596
339
702
321
668
204
397
662
758
326
643
448
322
742
239
272
560
605
714
604
735
487
297
435
531
605
564
492
386
630
479
393
547
302
700
415
252
614
571
512
112
648
270
175
134
419
239
697
259
358
588
132
429
353
